25.516899
25.615191
25.805223
25.831940
25.762882
25.723564
25.870249
25.925194
25.994757
26.012400
26.029539
26.014921
26.020466
25.933260
25.966024
26.018450
25.984674
26.046173
25.910072
26.018450
25.986692
26.006351
25.920153
26.062304
26.017441
26.045166
25.993750
26.031555
26.080956
26.145983
26.191854
26.173203
26.167658
26.190847
26.211514
26.262932
26.247305
26.223108
26.219580
26.260410
26.227646
26.169674
26.068857
26.150518
26.228149
26.299730
26.323423
26.288136
26.311829
26.229662
26.158081
26.126827
26.224621
26.173708
26.201433
26.235710
26.218067
26.150015
26.196896
26.137917
26.085491
26.194880
26.157576
26.153040
26.198408
26.176228
26.178749
26.106663
26.139429
26.188326
26.228149
26.220589
26.232182
26.264948
26.141951
26.071377
26.032059
26.026514
26.090029
25.969553
26.017441
26.052223
25.991228
26.013409
26.079947
26.080452
26.027018
26.025505
26.088013
26.115738
26.153040
26.127836
26.116241
26.194376
26.134388
26.202944
26.179253
26.123299
26.130356
26.167658
26.123299
26.117249
26.148502
26.192358
26.140942
26.140942
26.144974
26.184797
26.182781
26.119770
26.185301
26.089020
26.132372
26.144974
26.087004
26.182781
26.140942
26.141951
26.051718
26.117754
26.147999
26.080956
26.160097
26.055246
26.089020
26.087004
25.976610
25.949894
25.971569
25.993750
25.968040
26.025505
26.065329
26.060287
26.027523
26.082972
26.080452
26.078434
26.017944
25.968040
25.966528
25.959976
25.988203
26.007864
26.010887
25.977619
25.982155
25.983164
26.001814
25.978123
26.067345
26.084988
26.005342
25.950397
25.948381
26.029539
25.950397
25.998789
25.983164
26.003326
26.066338
26.025002
26.105152
26.090532
26.032059
26.041132
26.044157
25.962496
25.986692
25.963505
25.990221
26.018450
26.094566
26.140942
26.115738
26.084484
26.042645
26.080452
25.993750
26.057262
26.105656
26.073898
26.092045
26.073395
26.078434
26.126827
26.080956
26.009880
26.032562
26.084484
26.013409
25.964008
25.987196
25.970562
26.066841
26.055246
26.110697
26.102127
26.102127
26.130356
26.126827
26.080452
26.032562
26.009880
25.958464
25.986692
25.908056
25.954432
25.986692
26.102127
26.043653
26.109184
26.146486
26.056255
26.155056
26.110697
26.102127
26.000807
26.011393
26.044157
26.007864
25.980642
25.875290
25.882851
25.997278
25.975601
26.052223
26.051718
26.069361
26.122795
26.045166
26.111200
26.099606
26.113720
26.115232
26.052727
25.965521
25.910072
25.991732
25.980642
25.961992
26.031052
26.033571
26.088013
26.073395
26.098598
26.090532
26.029034
26.020466
26.007359
25.981148
26.049702
26.042645
25.987700
26.010384
26.068354
26.011393
25.990221
26.041132
25.992237
25.956951
26.022482
26.085491
26.089525
26.087004
26.047182
26.046173
25.961992
25.953926
25.980139
26.061800
26.067345
26.105656
26.061296
26.106663
26.082468
26.115232
26.097086
26.131365
26.158081
26.127836
26.131868
26.096077
26.039116
26.061800
26.040628
26.048189
26.040628
26.036091
25.969049
25.962496
25.946365
25.956448
25.957455
25.994253
26.014921
25.991228
25.975098
25.972073
25.974091
26.003830
26.001310
26.017441
26.097589
25.960983
25.892429
25.880331
25.943340
26.050711
26.027523
26.038612
26.074402
26.063313
26.123299
26.255371
26.205969
26.165138
26.077930
26.056759
26.111200
26.183788
26.286119
26.211514
26.172195
26.174212
26.199415
26.233694
26.239744
26.196896
26.115232
26.109184
26.105656
26.063816
26.029034
25.981148
25.997278
25.982658
26.047182
25.908560
25.996269
26.020969
26.052223
26.047182
26.097086
26.057262
26.106159
26.064320
26.056759
26.063816
26.068857
26.062304
26.084988
26.097086
26.089525
26.056255
26.122795
26.126827
26.092548
26.092045
26.123299
26.011393
26.007359
26.080956
26.125818
26.171692
26.222605
26.163122
26.133884
26.104143
26.084988
26.108681
26.089020
26.118761
26.090532
26.167658
26.168667
26.195383
26.210506
26.182781
26.165138
26.176228
26.290154
26.257891
26.178244
26.151024
26.134388
26.117754
26.066841
26.097086
26.142958
26.252346
26.224621
26.262932
26.147495
26.106663
26.074402
26.092045
26.104143
26.089020
26.167658
26.076418
26.077930
26.094566
26.071377
26.111200
26.163122
26.162113
26.211010
26.195383
26.195383
26.147495
26.163122
26.125315
26.125315
26.097086
26.106663
25.987196
26.029539
26.027523
26.050711
26.100615
26.117249
26.165138
26.158081
26.189838
26.196896
26.103134
26.068857
26.091541
26.068354
26.005342
25.932251
25.948381
26.020466
26.043653
26.029034
26.031555
26.066338
26.044157
26.049702
26.008368
26.107672
26.132372
26.117754
26.038612
26.071882
26.026514
26.043148
26.005342
26.080452
26.084484
26.069361
26.060287
26.102127
26.057262
26.079947
26.136909
26.070873
26.040125
26.147495
26.164129
26.122290
26.102127
26.162617
26.217564
26.202944
26.153040
26.190847
26.118258
26.114225
26.052727
26.082468
26.027018
25.913095
25.922169
25.983667
25.982658
26.008871
25.961487
26.013409
26.063313
26.073395
26.071882
26.106159
26.069866
26.040628
26.042645
25.952414
25.960983
26.031555
25.983667
26.042645
25.966528
25.948381
25.952414
25.980642
26.010887
26.038109
26.004335
26.099102
26.139429
26.157072
26.038612
26.080956
26.192863
26.178749
26.134388
26.155560
26.133381
26.072889
26.104143
26.147999
26.191854
26.082972
26.047686
26.007359
25.961992
25.960983
25.995260
26.053230
26.007864
26.042645
26.109184
26.141951
26.138926
26.159088
26.156569
26.131365
26.176731
26.207985
26.201433
26.163122
26.143967
26.122290
26.170683
26.087509
26.052727
26.071882
26.068354
26.074402
26.084988
26.061800
26.036091
26.042645
26.073395
26.133884
26.128843
26.141951
26.150015
26.052727
26.027523
26.092045
26.155056
26.185301
26.173708
26.238232
26.197399
26.178244
26.034580
25.984674
25.994757
25.965521
26.025002
26.007359
26.118258
26.054239
26.005342
26.087509
26.048189
26.009880
26.003326
26.034580
26.037100
26.034580
26.078434
26.091541
26.153040
26.070873
26.130356
26.047686
26.101118
26.087004
26.116241
26.117754
26.130356
26.117754
26.087509
26.082972
26.124308
26.115738
26.116241
26.031052
26.069866
26.027523
26.102127
26.094061
26.165138
26.199415
26.172195
26.124811
26.146486
26.173708
26.138926
26.088013
26.066338
26.069361
26.109184
26.162113
26.094061
26.048695
26.028027
26.063816
26.085997
26.099102
26.057262
26.036596
26.007864
25.989716
25.958967
26.009880
26.067345
26.048189
26.031555
26.087004
26.060287
26.014416
26.034580
26.024498
26.010384
26.049702
26.022482
26.008368
26.051718
26.084988
26.158081
25.983164
25.974091
25.947878
25.974091
25.918137
25.970562
25.954935
25.976610
26.018450
26.115232
26.066338
26.097589
26.111200
26.178244
26.241760
26.252346
26.154047
26.201433
26.209497
26.212019
26.223108
26.181269
26.115232
26.085491
26.050711
26.017441
26.084988
26.082972
26.152031
26.143967
26.141951
26.150518
26.198408
26.249825
26.305275
26.360727
26.359718
26.292673
26.261923
26.243776
26.199921
26.233694
26.271502
26.254362
26.233694
26.228149
26.182781
26.072889
26.090532
26.076923
26.138422
26.139429
26.083475
26.066841
26.141951
26.193871
26.163122
26.188326
26.187317
26.106159
26.115738
26.070873
26.171692
26.179253
26.157072
26.222099
26.092548
26.010384
26.007864
25.963505
26.020969
25.952919
25.940821
25.908560
25.959471
25.920153
25.955439
25.967033
26.122290
26.189335
26.218067
26.267469
26.268980
26.143461
26.223612
26.117754
26.156569
26.141951
26.100615
26.134388
26.148502
26.181269
26.220589
26.239744
26.103640
26.157576
26.155560
26.126827
26.154552
26.136909
26.218571
26.246296
26.145983
26.166651
26.164129
26.082972
26.003830
26.089020
26.133381
26.103640
26.111200
26.137917
26.160097
26.136404
26.059280
26.106663
26.011393
26.012400
26.018450
26.079947
26.054239
26.110697
26.099606
26.010887
26.077930
26.116241
26.044157
26.069361
26.001310
26.073898
26.068857
26.044157
26.066841
26.034580
26.070873
26.042645
26.055246
26.099606
26.075411
26.178749
26.205969
26.099102
26.128843
26.164635
26.170683
26.147495
26.115232
26.099102
26.081459
26.114225
26.168667
26.168667
26.133381
26.113216
26.057262
26.036596
26.022482
26.003326
25.982658
25.838997
25.887892
25.840509
25.927715
26.024498
26.010384
26.022482
26.030043
26.085997
26.129347
26.087004
26.085997
26.096582
26.047686
26.064320
25.998285
26.025002
26.097086
26.106663
26.092045
26.108175
26.051718
26.054743
26.133381
26.198912
26.161610
26.181269
26.102127
26.132372
26.133381
26.063816
26.179253
26.105656
26.029034
26.058775
26.008871
25.974091
26.059280
26.073395
26.069361
26.116241
26.043653
26.041132
25.958464
25.950903
25.947878
25.910072
25.990221
25.948381
25.921665
25.984674
26.037100
26.090029
26.034580
26.017944
26.089020
26.055246
26.017944
25.992237
25.959976
26.035587
26.067345
25.987196
26.015928
26.032059
26.122290
26.132372
26.174212
26.107672
26.061800
26.106663
26.168667
26.131365
26.152031
26.121786
26.076923
26.196392
26.147495
26.195383
26.195383
26.185301
26.235710
26.125315
26.145479
26.038612
26.013409
26.080956
26.050711
26.057768
26.068354
26.187317
26.159088
26.131868
26.231678
26.215042
26.162617
26.134893
26.116241
26.100615
26.103134
26.093054
26.176228
26.127331
26.136404
26.151024
26.088013
26.061800
26.104143
26.033571
26.050205
26.071882
26.061296
25.996269
25.980139
26.007359
25.947878
25.979130
25.973082
25.876299
25.933260
25.935780
25.982155
25.995260
26.044157
26.014416
26.034580
26.071377
26.113216
26.119770
26.084484
26.048695
25.985683
25.988203
26.064320
26.099102
26.094566
26.079947
26.028027
26.107672
26.054239
26.063816
26.019457
25.978123
26.068354
26.091541
26.094061
26.085491
26.063313
25.983164
26.136909
26.136404
26.084988
26.106663
26.157576
26.229662
26.222605
26.117754
26.068354
26.040628
25.966528
26.029539
26.045670
26.052727
26.120777
26.144974
26.139429
26.208994
26.221092
26.266964
26.166651
26.133381
26.231678
26.094061
26.045166
25.964008
26.005342
26.063313
26.272509
26.199415
26.229156
26.184797
26.211514
26.231174
26.176228
26.177740
26.080956
26.000807
26.019960
26.061800
26.162617
26.138422
26.143461
26.159088
26.229662
26.183285
26.099606
26.063313
26.075914
26.089525
26.163122
26.115738
26.071882
26.115232
26.109184
26.034075
25.998285
26.045670
26.140438
26.118761
26.213026
26.154047
26.087004
26.070873
26.129852
26.077930
26.131868
26.161610
26.061800
25.951910
26.051718
26.064320
26.095070
26.069361
25.987196
26.001814
26.117754
26.099102
26.078434
26.103640
26.061800
26.096582
26.105152
26.044157
26.071377
26.053230
26.117249
26.074402
26.073898
26.122795
26.096582
26.024498
26.105656
26.146486
26.107672
26.132372
26.087004
25.994253
25.944853
26.031052
26.029034
26.060287
26.135900
26.131365
26.155056
26.084988
26.071882
26.045166
26.103640
26.079947
26.116241
26.053230
26.033571
26.080452
26.108175
26.180260
26.181269
26.108175
26.143461
26.102127
26.110191
26.114225
26.073898
26.106159
26.134893
26.088013
26.145479
26.157576
26.114225
25.978626
26.030043
26.018450
25.986692
26.031052
26.005342
26.010887
26.040125
26.089525
26.125818
26.196896
26.238232
26.283096
26.183788
26.206472
26.195383
26.138422
26.071882
26.019960
26.022985
26.120274
26.117249
26.084988
26.123299
26.078939
26.071882
26.177740
26.147999
26.060287
26.048189
26.102127
26.103640
26.125818
26.072889
26.123299
25.983164
26.101624
26.147495
26.165138
26.109184
26.024498
26.038109
26.059784
26.133884
26.053230
26.169170
26.239744
26.205465
26.145983
26.028027
26.040125
26.036091
26.006351
25.927715
25.966528
26.040125
26.131868
26.152031
26.152031
26.060287
26.042645
26.061296
26.089525
26.168667
26.097589
26.066841
26.036596
26.025002
25.945356
25.902006
25.945356
25.949894
26.021978
26.020969
25.956951
26.038612
26.004335
26.024498
26.013409
26.057768
26.117249
26.130356
26.215042
26.084484
26.113720
26.078434
26.078939
26.041132
26.097589
26.047686
26.019960
25.981148
26.001814
26.027018
25.957455
25.926203
25.943846
26.000807
26.019960
26.063816
26.106159
26.157576
26.215548
26.192863
26.067345
26.036596
26.012400
25.966528
25.961487
26.022985
26.090029
26.101624
26.155560
26.116241
26.089020
26.068354
26.106159
26.062304
25.999798
26.001310
26.008871
26.041637
26.084484
26.012400
26.133884
26.155560
26.159088
26.095070
26.187822
26.108175
26.105152
26.095070
26.093054
26.097589
26.087509
26.022482
26.028027
26.065329
26.142958
26.124308
26.097589
26.125818
26.194376
26.078939
26.129347
26.083475
26.073395
26.088013
26.089525
25.967033
26.004335
26.048695
26.032562
26.079947
26.040628
26.024498
26.035587
26.094566
26.069866
26.054239
26.051718
26.025002
26.123299
25.998285
25.995260
26.031555
26.082468
26.069866
26.105152
26.119770
26.091541
26.015425
25.994253
25.978123
25.984674
25.935780
26.015425
26.118258
26.066841
26.012903
26.039116
26.069361
26.180260
26.104143
26.031052
26.080956
26.101624
26.180260
26.106159
26.194880
26.154047
26.053230
26.056759
25.987196
26.064320
25.996269
26.084484
26.064320
26.043653
26.008368
25.985180
26.034075
26.040628
26.069866
26.043653
26.091541
26.007864
25.924187
25.812786
25.912592
25.999798
26.043653
26.062304
26.155560
26.207985
26.224621
26.223612
26.269989
26.283096
26.185806
26.192358
26.113216
26.076418
26.079947
26.185301
26.143967
26.199921
26.181269
26.195383
26.133381
26.133381
26.182278
26.154552
26.209497
26.178749
26.192863
26.113720
26.014416
25.886885
25.861176
25.915112
25.941324
25.986692
25.922169
25.994253
26.058775
26.100615
26.052727
26.140438
26.114225
26.167658
26.203449
26.216555
26.220083
26.210506
26.173708
26.171186
26.077930
26.125315
26.160097
26.132372
26.164129
26.045166
26.001310
25.985180
26.075914
26.125315
26.055246
26.078434
26.070873
26.078939
26.003326
25.847567
25.932251
25.986692
25.921665
25.965521
25.929731
25.945862
26.085491
26.012903
25.959976
25.996773
26.025002
25.930235
26.004335
26.045670
25.915617
25.909567
26.000807
25.905031
26.021978
26.053230
26.014416
26.144974
26.262932
26.332497
26.317879
26.272005
26.221092
26.071377
26.087004
26.031052
25.978626
25.979130
25.999798
25.975601
26.035587
26.045166
26.002823
26.115738
26.078939
26.066338
26.099102
26.052223
26.103640
26.142958
26.032059
25.983164
26.103640
26.084484
25.979130
26.029034
26.060287
26.063313
26.050711
26.138926
26.061296
26.011393
25.999798
26.066338
26.027523
26.030043
25.989212
26.084484
26.157576
26.213531
26.183788
26.281584
26.292673
26.277046
26.238735
26.223612
26.236719
26.136404
26.147999
26.150518
26.185806
26.134388
26.115738
26.169170
26.185301
26.217564
26.181269
26.169170
26.167154
26.222099
26.276543
26.276037
26.288641
26.225628
26.140438
26.162617
26.110697
26.079947
26.123299
26.189335
26.149511
26.122290
26.116241
26.094566
26.047182
25.988203
26.121786
25.987700
25.978626
25.922169
25.954432
26.013409
26.025002
25.987700
26.062304
26.075411
26.128843
26.234703
26.205465
26.225124
26.250330
26.260410
26.191854
26.176228
26.125818
26.174715
26.132372
26.157576
26.209497
26.140942
26.025505
26.038109
26.069361
26.099102
26.059280
26.025505
25.953926
26.010887
26.063816
26.060287
26.089020
26.039116
26.072889
26.045166
26.045670
26.056759
26.136909
26.048189
26.079947
26.014416
26.157072
26.120274
26.039116
26.107672
26.092045
26.054239
26.055246
26.006351
26.015425
26.059280
26.171692
26.209497
26.177740
26.174212
26.031555
26.038109
26.096582
26.122795
26.138422
26.122290
26.183285
26.160097
26.138926
26.099102
26.099102
26.048189
26.091541
26.131868
26.000807
26.115738
26.097086
26.171186
26.220589
26.178749
26.146486
26.097589
26.140942
26.173708
26.241760
26.182278
26.315861
26.232182
26.239239
26.252346
26.167154
26.106663
26.166145
26.124811
26.208994
26.127836
26.171692
26.067345
26.070873
26.120777
26.066338
26.068354
26.067345
26.132372
26.158081
26.099606
26.107672
26.083475
26.109184
26.226637
26.245289
26.122795
26.139429
26.192358
26.190342
26.169170
26.115738
26.133884
26.131868
26.069361
26.122290
26.124308
26.131868
26.078434
26.007359
26.003326
26.075411
26.140942
26.172195
26.192358
26.232182
26.196896
26.319895
26.260916
26.328968
26.224621
26.129852
26.037100
25.983667
26.123299
26.040628
26.078434
26.025002
25.958967
25.976107
25.987700
25.973082
26.113216
26.108681
26.137917
26.260410
26.315861
26.145983
26.131868
26.083475
26.088013
26.015425
26.061296
26.105656
26.092548
26.093054
26.206472
26.169674
26.207985
26.211514
26.171186
26.119770
26.110697
26.174715
26.058775
26.005846
26.076418
26.163122
26.210506
26.235710
26.229156
26.229156
26.177740
26.134893
26.089525
26.015425
26.038109
26.066841
26.077930
26.021978
25.983667
26.073898
26.188326
26.101118
26.138422
26.110191
26.099102
26.165138
26.069866
26.117249
26.044157
26.048189
26.056759
26.127331
26.045670
26.055246
26.184797
26.092045
26.137917
26.104143
26.019960
26.048189
26.103640
26.120274
26.136909
26.093054
26.196896
26.165138
26.124811
26.043653
26.094061
26.215042
26.289648
26.341570
26.327961
26.215042
26.147495
26.131868
26.167658
26.203953
26.069361
26.026514
26.017944
26.019960
26.027018
26.110697
26.076418
26.024498
26.061296
26.078939
26.087509
26.067345
26.037100
26.038109
26.050711
26.105656
26.070873
26.123299
26.154552
26.137917
26.109184
26.038612
26.141445
26.210506
26.196392
26.136909
26.133884
26.135900
26.179253
26.096077
26.127836
25.978626
25.968040
26.101624
26.154552
26.150015
26.085491
26.058775
26.008368
25.986692
25.973082
25.959976
25.949894
26.029034
25.950397
25.998285
25.970562
25.945862
25.919649
26.039116
26.002823
26.090532
26.034075
26.126827
26.064320
26.057262
26.118258
26.106159
26.037100
26.069866
26.094566
26.077930
26.180260
26.159088
26.122290
26.026514
26.036091
26.089525
25.983164
26.108681
26.097589
26.112209
26.082972
26.183285
26.118258
26.084484
26.154047
26.181269
26.072889
26.038612
26.112209
26.072889
26.001310
26.008871
26.010887
26.011393
25.983164
26.037100
26.015425
26.075411
26.034075
26.008368
26.085491
26.085491
26.082468
26.001310
26.035587
26.069361
25.956448
25.991732
26.045670
26.081459
26.036596
26.097589
26.136404
26.111200
26.162113
26.109184
26.165138
26.150518
26.190342
26.107672
26.094061
26.053230
26.059784
25.995260
25.949390
25.954935
25.996773
25.996773
26.031555
26.084988
26.041637
26.067345
26.141445
26.071882
26.085997
26.120274
26.169170
26.109184
26.088013
26.100615
26.093054
26.065329
26.130356
26.127836
26.131365
26.171692
26.157072
26.118761
26.015928
26.130356
26.162113
26.087004
26.199921
26.087004
26.078434
26.062304
26.015928
25.996269
26.036091
26.030043
26.061800
26.112209
26.113720
26.216555
26.245792
26.249825
26.225628
26.246296
26.214035
26.152031
26.069361
26.099606
26.043653
26.139429
26.115738
26.075411
26.149511
26.243776
26.190342
26.135900
26.218067
26.247305
26.123299
26.099606
26.193871
26.191854
26.202944
26.213026
26.294186
26.254866
26.217564
26.226637
26.220083
26.051718
26.072889
26.084484
25.870754
26.022482
26.037100
26.149511
26.057768
26.031555
25.985180
26.019960
26.103640
26.147999
26.019960
26.079947
26.089525
26.201937
26.093054
26.097086
26.143461
26.076418
25.953926
25.961992
25.971066
26.052223
26.118761
26.155560
26.126827
26.096582
26.152031
26.136404
26.096077
26.119770
26.166651
26.198912
26.101624
26.094061
25.949390
25.936789
25.949390
25.974091
26.005846
25.957455
25.947374
26.017944
26.073898
26.095070
26.055246
26.140942
26.095070
26.035587
26.075411
26.081459
26.150518
26.115738
26.211010
26.188326
26.248817
26.255371
26.170683
26.115232
26.123299
26.154047
26.218571
26.139429
26.076418
26.029034
25.996269
25.996773
25.965521
25.990221
25.961992
25.949894
26.008368
25.973082
26.082468
26.021978
26.008368
25.983667
26.106159
26.020466
26.053230
26.056255
26.008871
26.040628
26.034075
25.931747
25.959976
25.952414
25.975098
26.043148
26.056255
26.118761
26.138422
26.025505
26.034580
26.067345
26.143461
26.120274
26.103640
26.196392
26.108681
26.118258
26.108681
26.108175
26.043653
25.971569
25.920153
25.949390
25.936789
25.933260
26.032562
25.969049
26.105656
26.085491
26.129852
26.028027
26.154552
26.058775
26.035587
26.068354
26.000807
26.034075
26.044157
26.140942
26.132372
26.123299
26.141951
26.057768
25.978123
26.027018
26.062304
26.078939
26.150518
26.188326
26.218067
26.118258
26.066841
26.087509
26.131868
26.135900
26.154047
26.145983
26.181269
26.181269
26.174212
26.187822
26.125315
26.144974
26.120777
26.038109
25.992741
26.054743
26.071377
26.101118
26.058775
26.026514
26.017944
26.098598
26.076923
26.156569
26.128843
26.146486
26.061296
25.992237
26.056255
26.066841
26.003830
25.945356
26.006351
25.931244
26.007359
26.011393
25.966024
25.960983
25.983667
26.079947
26.106663
26.025002
26.036091
26.131365
26.112209
26.067345
26.130356
26.120274
26.113216
26.171186
26.132372
26.120274
26.000807
26.066841
26.012400
26.046173
25.999294
26.021978
25.978626
25.994757
25.959471
25.919146
25.982155
26.011393
26.010384
26.019457
26.048695
26.176228
26.224621
26.168667
26.166651
26.173203
26.146486
26.136404
26.136404
26.049702
26.050711
26.027018
25.940821
25.982155
26.071882
26.025505
25.998789
26.117754
26.129852
26.213026
26.130356
26.095070
26.066338
26.136404
26.154047
26.110191
26.132372
26.144974
26.123299
26.123299
26.143461
26.154047
26.186813
26.124811
26.117754
26.107672
26.226637
26.085491
26.063816
26.034580
26.063816
26.037100
26.076923
26.075411
26.127836
26.154047
26.159594
26.194376
26.190342
26.183788
26.128843
26.150015
26.131868
26.055246
26.122795
26.061800
26.058775
26.073898
25.970562
26.019457
26.042645
26.033571
26.003326
26.012400
26.011393
25.997278
25.999798
25.993750
25.994757
26.045670
26.090029
26.096077
26.127836
26.101624
26.146486
26.209497
26.181269
26.247808
26.234703
26.208994
26.130356
26.130356
26.210506
26.209497
26.196896
26.124811
26.158081
26.134893
26.134388
26.143461
26.089020
26.083475
26.096077
26.094061
26.110697
26.069866
26.124308
26.071882
26.136404
26.127331
26.127836
26.121786
26.127331
26.050205
26.029539
26.081459
26.235710
26.255875
26.223612
26.147999
26.147495
26.169170
26.109184
26.159088
26.069866
25.978626
25.950397
26.040628
26.032562
25.960983
25.953926
26.001310
26.027018
26.002823
25.995260
26.069361
26.037100
25.980642
26.090029
26.068857
26.012400
26.065329
26.165138
26.106159
26.204456
26.232182
26.182781
26.205465
26.184797
26.136909
26.057768
25.967033
25.968040
26.021978
26.056255
26.067345
26.166651
26.157576
26.104143
26.049702
26.052223
26.066841
26.138926
26.139429
26.141445
26.129347
26.152031
26.177740
26.102127
26.057768
26.097086
26.057262
26.082468
26.069361
26.001814
26.004335
26.038612
26.162617
26.236216
26.182278
26.140438
26.147495
26.144974
26.064320
26.007864
26.034580
26.053230
26.038612
25.937796
25.978123
25.979130
26.017441
25.959976
25.933764
25.987700
25.919146
25.894445
25.891926
25.893942
25.981148
25.952414
25.959471
25.946365
26.026514
25.971066
26.013409
26.037100
26.017441
26.049702
26.138422
26.140438
26.171186
26.133381
26.101624
26.082468
26.090029
26.098598
26.092548
26.174715
26.117754
26.106663
26.035587
25.966528
25.929226
25.971569
26.073395
26.136404
26.110697
26.061800
26.125818
26.098598
26.066338
26.100615
26.135900
26.140438
26.103134
26.078939
26.089020
26.090029
26.230165
26.247808
26.265451
26.287128
26.232182
26.213531
26.203449
26.121786
26.111200
25.997278
25.991228
26.092045
26.048189
26.141445
26.176228
26.138422
26.075411
26.105152
26.189838
26.148502
26.042645
26.014416
26.106663
26.207985
26.167658
26.154047
26.082972
26.059784
26.025002
26.080452
26.081459
26.009880
26.013409
25.994757
25.998789
26.087004
26.080956
26.122290
26.040125
26.106663
26.127331
26.199921
26.246296
26.229156
26.222605
26.160097
26.147999
26.118761
26.141951
26.121786
26.126827
26.134893
26.083475
26.071377
26.155560
26.127331
26.143967
26.072889
25.992237
25.994253
25.964008
26.013409
25.975098
26.021978
26.074402
26.068354
26.050711
26.053230
26.046173
26.024498
26.060287
26.116241
26.036091
26.074402
26.020466
25.925194
25.879827
25.915617
26.014416
25.968040
25.987196
26.038612
26.017944
25.983667
26.005846
26.017441
26.089525
26.028027
26.091541
26.143967
26.120777
26.200928
26.239239
26.198912
26.171186
26.080452
26.027018
26.110697
26.085491
26.039116
26.035587
26.165138
26.106159
26.066841
26.017944
26.051718
26.080452
26.059784
26.119770
25.998285
25.966528
26.062304
26.078939
26.048189
25.981148
26.008368
26.090532
26.128843
26.097589
26.096077
26.096077
26.073898
26.034075
26.070873
26.020466
26.122290
26.111200
26.048189
26.020466
26.000807
25.991228
26.031052
26.046173
26.032059
26.099606
26.050711
25.980139
25.985180
26.031052
26.108175
26.063313
26.136404
26.196896
26.173203
26.157072
26.107672
26.101118
26.114225
26.019457
26.068857
26.051718
26.054239
26.128843
26.140942
26.088013
26.142958
26.079947
26.061800
26.037100
26.069866
26.082972
26.159088
26.152536
26.143967
26.140942
26.101118
26.115232
26.150015
26.069866
26.111200
26.160097
26.157072
26.070873
26.038109
26.071882
26.068354
26.069361
26.040125
26.100615
26.071377
26.059280
26.035587
26.034580
26.052727
26.115738
26.082972
26.166145
26.174212
26.171186
26.270998
26.202944
26.110191
26.158081
26.118258
26.061296
26.017944
26.078434
26.124811
26.113216
26.092045
26.111200
26.117754
26.139429
26.068857
26.101624
26.082468
26.165138
26.099102
26.029034
26.036091
26.042645
26.013409
26.040125
26.038612
26.092548
26.059784
26.140438
26.138926
26.176731
26.173708
26.145983
26.171692
26.124308
26.176228
26.150015
26.114225
26.020969
26.139429
26.077930
26.110697
26.225628
26.169674
26.171186
26.103640
26.093054
26.141445
26.103134
26.185806
26.252346
26.215042
26.220083
26.059280
26.096077
26.040125
26.021978
26.004335
26.075411
26.069361
26.084484
25.996773
25.989716
26.012903
26.008871
25.933764
25.951910
25.917633
25.912088
25.903015
26.014416
26.125818
26.099606
26.092045
26.110191
26.125315
26.223108
26.164129
26.149511
26.099102
26.213026
26.178749
26.165138
26.149511
26.102127
26.089525
26.017441
26.002823
25.987196
26.126827
26.118258
26.049702
26.076418
26.061296
26.061296
26.005846
25.979130
25.976610
25.983164
25.989716
25.954432
26.025505
26.066841
26.001310
26.105152
26.115738
26.115738
26.138422
26.141445
26.112209
26.083475
26.144974
26.244280
26.239239
26.180260
26.178749
26.159088
26.208994
26.232182
26.124811
26.125315
26.047686
25.961992
25.880835
25.947878
25.912592
25.928722
26.029539
25.990221
26.027523
26.066841
26.092045
26.094061
26.154047
26.124811
26.065329
26.026514
25.987196
26.007359
26.047182
26.125315
26.138926
26.074402
26.080452
26.080452
26.126827
26.153040
26.171186
26.170683
26.152536
26.215548
26.153040
26.201433
26.192358
26.164635
26.223612
26.145479
26.123299
26.131868
26.069361
25.976107
26.062304
26.169674
26.218571
26.218067
26.222099
26.176731
26.154047
26.064320
26.076418
26.094061
26.051718
25.988203
26.032562
25.964008
25.927715
25.852102
25.961992
25.921665
25.960983
26.023994
25.985180
26.048189
26.047182
26.054743
26.039116
26.007864
25.985180
25.968040
25.975601
25.959471
25.975098
26.009880
26.159088
26.157576
26.085997
26.070873
26.091541
26.090532
26.131365
26.138422
26.175724
26.158081
26.036596
26.036091
26.040125
26.040628
26.122290
26.073898
26.150518
26.123299
26.105656
26.122290
26.079947
26.080956
26.072889
26.103640
25.970562
26.043653
26.061800
26.055246
26.115738
26.062304
26.092548
26.048695
26.108681
26.145479
26.138422
26.075411
26.132372
26.171692
26.130356
26.084484
26.069361
26.127331
26.201433
26.170683
26.162617
26.189838
26.151024
26.144974
26.131868
26.078434
26.053230
26.162113
26.106663
26.101118
26.067345
26.103134
26.121786
26.115738
26.121786
26.112209
26.082468
26.037100
26.123299
26.121786
26.070873
26.025505
26.045166
25.969049
25.952919
25.908056
25.954432
26.048189
26.166651
26.133884
26.109184
26.108681
26.049702
26.046173
25.982658
25.954432
26.070873
26.008871
26.001814
26.065329
26.156569
26.093054
26.049702
26.083475
26.057768
26.051718
26.064320
26.102127
26.122290
26.106663
26.111200
26.135900
26.206978
26.134893
26.099606
26.146486
26.139429
26.148502
26.176228
26.176731
26.247808
26.293177
26.179253
26.112209
26.082972
26.187822
26.215042
26.115232
26.135900
26.076923
26.078939
26.049702
26.117754
26.010384
26.028027
26.018450
25.987700
26.083475
26.066841
26.078434
26.106663
26.105656
26.133884
26.180765
26.145479
26.131868
26.075914
26.100615
26.133381
26.101118
26.108175
26.139429
26.157576
26.112209
26.128843
26.085491
26.055246
26.060287
26.081459
26.044157
26.085491
26.155560
26.096582
26.078939
26.032562
26.024498
26.117754
26.115738
26.189838
26.115738
26.093054
26.125315
26.169170
26.188326
26.171186
26.139429
26.147495
26.157576
26.172195
26.170683
26.117249
26.118761
26.084988
26.076923
25.986692
26.023994
26.059784
26.105152
26.084484
26.129347
26.185301
26.183788
26.220589
26.243273
26.139429
26.164635
26.168667
26.130356
26.047182
26.077930
26.191854
26.114225
26.057768
26.089020
26.107672
26.103640
26.052223
26.060287
26.056255
26.140942
26.120777
26.062304
26.108681
26.084988
26.083475
26.053230
26.048695
26.045166
26.029034
26.097589
26.094061
26.108175
26.163122
26.222605
26.184797
26.162113
26.178749
26.161610
26.123299
26.109184
26.151024
26.140942
26.092045
26.089525
26.061296
26.122290
26.064320
26.066338
26.084988
26.113720
26.120777
26.150518
26.154047
26.185806
26.189838
26.156569
26.122795
26.047686
26.131868
26.192358
26.162113
26.069866
26.090029
26.159594
26.101118
26.073395
26.076418
26.108681
26.218067
26.171692
26.141445
26.196392
26.111200
26.099606
26.111200
26.136909
26.065329
26.001814
26.026514
26.042645
26.124811
26.109184
26.148502
26.129347
26.113720
26.156569
26.115232
26.186813
26.203449
26.202944
26.165138
26.203953
26.155560
26.076923
26.129852
26.142958
26.133381
26.140438
26.148502
26.213026
26.201433
26.213026
26.112209
26.196896
26.185806
26.189335
26.133884
26.082972
26.100615
26.032562
26.054239
26.146486
26.216555
26.268980
26.248817
26.159594
26.194376
26.192358
26.145479
26.133884
26.106663
26.138422
26.077930
26.104143
26.056255
26.047182
26.131868
26.203953
26.189335
26.246296
26.220083
26.054239
26.036091
26.081459
26.129852
26.116241
26.081459
26.080452
26.122290
26.107672
26.101624
26.140942
26.140942
26.217564
26.223612
26.284607
26.203953
26.185806
26.227646
26.248817
26.220083
26.150518
26.118258
26.138422
26.097589
26.102127
26.172195
26.149511
26.220083
26.174212
26.143967
26.094566
26.094061
26.076418
26.149511
26.166145
26.169674
26.122795
26.052727
26.071377
26.048695
26.152031
26.171692
26.078939
26.073395
26.166145
26.229156
26.178749
26.122795
26.018450
26.077930
26.139429
26.110697
26.122795
26.119770
26.104143
26.227646
26.241760
26.273518
26.318886
26.297714
26.358206
26.324936
26.232182
26.139429
26.105656
26.067345
26.152031
26.195383
26.108681
26.132372
26.113720
26.196392
26.162113
26.171692
26.174212
26.126827
26.247808
26.277046
26.264444
26.169170
26.220083
26.238735
26.158081
26.284607
26.239239
26.238232
26.264948
26.292673
26.264444
26.225628
26.195383
26.165138
26.032059
26.082972
26.112209
26.167658
26.093054
26.078939
26.141445
26.092045
26.059784
26.141445
26.071882
26.035587
26.057262
26.065329
26.079947
26.033571
26.021978
26.052727
26.068354
26.127836
26.024498
26.036596
26.030043
25.967033
25.974091
25.995260
26.007864
25.980139
26.060287
26.062304
26.057768
26.106663
26.076418
26.044157
25.985683
25.989212
25.999798
26.045670
26.071882
26.115232
26.149511
26.090532
25.991228
26.041637
26.068857
26.012903
26.048189
26.082468
26.052223
26.015425
26.019457
26.021978
26.010887
26.056759
26.228149
26.134893
26.129347
26.036091
25.958967
26.025505
26.042645
26.122795
26.126827
26.120777
26.222099
26.155056
26.129347
26.189838
26.220589
26.196392
26.164129
26.101624
26.001814
26.026514
26.103640
26.144974
26.145983
26.202944
26.187822
26.230165
26.209497
26.174212
26.121786
26.249825
26.255371
26.194376
26.160097
26.090029
26.143461
26.128843
26.087509
26.095070
26.073395
26.131868
26.127836
26.095070
26.076923
26.079947
26.103134
26.164635
26.099606
26.069866
26.048189
26.087509
26.088013
26.075914
26.106663
26.045670
26.062304
26.020969
26.081459
26.080956
26.133884
26.096582
26.105152
26.052223
26.092548
26.124308
26.078939
25.983164
25.964008
26.027523
25.980642
26.076923
26.043653
25.977619
26.047182
26.040628
26.015928
26.084988
26.068857
26.085491
26.055246
26.187317
26.138926
26.169170
26.183285
26.234703
26.140942
26.150015
26.076418
26.063313
26.101624
26.088013
26.163122
26.115738
26.198912
26.126827
26.156569
26.210506
26.145983
26.087509
26.037100
26.106663
26.057262
26.069361
26.024498
26.080452
25.957455
26.031052
26.054239
26.108681
26.169170
26.134893
26.215548
26.169170
26.236216
26.249825
26.165138
26.106159
26.068354
26.229156
26.218571
26.143967
26.126827
26.108681
26.135900
26.237223
26.152031
26.140942
26.203449
26.134893
26.101624
26.125315
26.165138
26.188326
26.185301
26.164635
26.192863
26.069361
26.151024
26.171186
26.136909
26.239239
26.255875
26.238735
26.239239
26.201937
26.199921
26.200928
26.164635
26.174212
26.180260
26.203953
26.127331
26.099606
26.176228
26.237223
26.213531
26.206472
26.105656
26.096077
26.141951
26.214035
26.125818
26.122290
26.220589
26.206978
26.203449
26.120777
26.124308
26.182781
26.299227
26.285112
26.211010
26.212019
26.255371
26.235710
26.159088
26.205969
26.270998
26.266460
26.191854
26.203449
26.182278
26.231678
26.243273
26.254362
26.308300
26.238232
26.227646
26.260916
26.199921
26.215548
26.250834
26.212019
26.277046
26.219580
26.199921
26.159088
26.083475
26.113720
26.163122
26.147999
26.101624
26.120777
26.112209
26.147999
26.194880
26.185301
26.129852
26.174715
26.187822
26.284607
26.299730
26.218067
26.276543
26.286119
26.189335
26.162113
26.098598
26.060287
26.045166
26.121786
26.064320
26.130356
26.121786
26.139429
26.142958
26.094566
26.150015
26.109184
26.031555
26.128843
26.191854
26.187822
26.215042
26.223108
26.222605
26.236719
26.213026
26.136909
26.157576
26.221092
26.155056
26.147999
26.099606
26.047182
26.031555
26.037100
26.087004
26.061296
26.108681
26.154047
26.147495
26.158081
26.133381
26.125315
26.095070
26.066841
26.014921
26.027523
26.080956
26.121786
26.106663
26.080956
26.103134
26.132372
26.116241
26.118761
26.107672
26.112209
26.096077
26.099606
26.133381
26.029539
26.076923
26.116241
26.119770
26.261923
26.275534
26.250834
26.236719
26.241760
26.216051
26.223108
26.157576
26.136404
26.148502
26.138422
26.138422
26.096077
26.193871
26.176731
26.129347
26.166145
26.220589
26.129347
26.120274
26.189335
26.189335
26.173203
26.199415
26.185806
26.192358
26.234198
26.171186
26.171186
26.150015
26.133884
26.201937
26.186813
26.009880
26.001814
26.103134
26.141445
26.137917
26.178749
26.089525
26.077930
26.154047
26.112209
26.084988
26.129852
26.224621
26.242767
26.142958
26.140942
26.184797
26.156569
26.027523
26.039116
26.090029
26.050711
26.106159
26.117249
26.163122
26.158081
26.192863
26.128843
26.143461
26.194376
26.205969
26.182278
26.106159
26.218571
26.142958
26.148502
26.203449
26.211010
26.178749
26.218571
26.243776
26.184797
26.166145
26.166145
26.122795
26.124811
26.072889
26.117249
26.192358
26.215548
26.243273
26.215548
26.273518
26.225628
26.159594
26.094061
26.106159
26.089525
26.117754
26.131365
26.152536
26.187822
26.129852
26.129852
26.136404
26.220083
26.176731
26.096077
26.162113
26.215548
26.213531
26.191854
26.243273
26.151024
26.123299
26.131365
26.061800
26.142958
26.157576
26.163122
26.215042
26.057262
26.099102
26.066338
26.113720
26.215042
26.262428
26.244280
26.226637
26.225124
26.239744
26.211010
26.149511
26.271502
26.362238
26.350645
26.302252
26.259907
26.263939
26.247808
26.257891
26.250834
26.238735
26.293177
26.286119
26.222099
26.162113
26.154047
26.096582
25.993750
25.958967
25.934771
25.916624
25.955439
25.969049
25.996269
25.984674
26.022482
26.030043
26.092045
26.176731
26.200928
26.176731
26.218571
26.149511
26.178244
26.211514
26.272005
26.173708
26.181269
26.182781
26.180765
26.170683
26.122795
26.141445
26.125315
26.152031
26.091541
26.200928
26.252346
26.203449
26.189335
26.097086
26.169674
26.084988
26.141445
26.131365
26.182278
26.163122
26.173708
26.192358
26.186813
26.157576
26.180765
26.159088
26.054743
26.025505
26.051718
26.043148
26.112209
26.103640
26.135900
26.076418
25.985180
26.015928
26.073395
26.073395
26.112209
26.069866
26.145983
26.154047
26.192863
26.211514
26.173708
26.194376
26.193871
26.210506
26.196392
26.207985
26.159594
26.118258
26.189335
26.185806
26.209497
26.173708
26.179253
26.222605
26.223612
26.286119
26.343588
26.311325
26.223612
26.134388
26.172195
26.185806
26.166651
26.099102
26.024498
26.089020
26.114225
26.106663
26.109184
26.202944
26.205465
26.141951
26.127331
26.092045
26.084484
26.148502
26.059784
26.079947
26.089020
26.142958
26.107672
26.166651
26.185301
26.260410
26.249825
26.223612
26.153040
26.159088
26.223108
26.163122
26.220083
26.108681
26.112209
26.165138
26.098598
26.032562
26.101624
26.131365
26.164635
26.108681
26.103134
26.085491
26.146486
26.211514
26.201937
26.194376
26.181269
26.190342
26.179253
26.213026
26.148502
26.240751
26.259403
26.227140
26.191854
26.085491
26.068354
26.047182
26.113216
26.116241
26.136404
26.120777
26.186813
26.112209
26.161610
26.143461
26.187822
26.203953
26.339050
26.343082
26.281078
26.253353
26.194376
26.192863
26.184797
26.130356
26.078434
26.129347
26.157072
26.254362
26.308804
26.383915
26.274021
26.304268
26.218067
26.194880
26.181269
26.274021
26.182278
26.089525
26.106663
26.167658
26.156569
26.190847
26.108681
26.190342
26.159594
26.171186
26.213531
26.220589
26.155560
26.059280
26.120274
26.143967
26.157576
26.205969
26.252850
26.242767
26.218067
26.226637
26.198408
26.291664
26.244280
26.194880
26.160097
26.198912
26.122290
26.136404
26.172195
26.207985
26.198912
26.243273
26.179253
26.150518
26.245289
26.150518
26.111200
26.234198
26.278055
26.194880
26.162617
26.250330
26.235710
26.254362
26.222605
26.189838
26.053230
26.118258
26.165138
26.201433
26.178244
26.138422
26.178244
26.196896
26.241760
26.257387
26.249825
26.206472
26.173203
26.152536
26.169170
26.199415
26.171186
26.175724
26.164129
26.070873
26.157072
26.172195
26.220589
26.196896
26.140438
26.216051
26.227140
26.193871
26.204456
26.185806
26.110697
26.186813
26.222605
26.220083
26.150015
26.130356
26.054239
26.171692
26.162617
26.205465
26.215548
26.200928
26.274021
26.217564
26.182781
26.166651
26.174715
26.071377
26.040125
26.095070
26.234703
26.201433
26.188326
26.141445
26.173203
26.226637
26.146486
26.168667
26.164129
26.211010
26.238735
26.242767
26.216555
26.290657
26.247808
26.241255
26.231174
26.192863
26.176731
26.166145
26.157072
26.173708
26.216555
26.157072
26.318382
26.374842
26.378874
26.335018
26.334009
26.310822
26.299227
26.206978
26.173708
26.136404
26.154047
26.147495
26.007864
25.989212
25.976107
26.018450
26.084484
26.173708
26.221092
26.235710
26.254362
26.229662
26.285616
26.358206
26.252850
26.241760
26.239239
26.274527
26.204456
26.164129
26.211514
26.237223
26.355181
26.268476
26.215042
26.221092
26.161610
26.142958
26.108175
26.040125
25.977619
26.076923
26.176228
26.198408
26.130356
26.170683
26.225628
26.265451
26.259403
26.109184
26.165138
26.148502
26.170683
26.173203
26.166651
26.225124
26.157072
26.157576
26.193871
26.095070
26.166145
26.155056
26.245792
26.254362
26.145983
26.148502
26.159088
26.084988
26.075411
26.096077
26.094061
26.157072
26.172195
26.154552
26.155056
26.189335
26.105656
26.117754
26.140942
26.190342
26.146486
26.124811
26.161610
26.162113
26.192358
26.211514
26.216555
26.247808
26.254866
26.303259
26.298723
26.309813
26.254362
26.260410
26.355686
26.306284
26.225628
26.164129
26.291664
26.231678
26.208994
26.182781
26.176731
26.169170
26.285112
26.251842
26.220083
26.241255
26.220589
26.229662
26.185301
26.319895
26.326952
26.359718
26.265451
26.322414
26.272005
26.295195
26.228149
26.247305
26.224621
26.273518
26.247305
26.261923
26.264948
26.350645
26.262428
26.248817
26.263939
26.253353
26.205969
26.228149
26.227646
26.180260
26.187317
26.220589
26.245792
26.255371
26.179253
26.187317
26.204456
26.222099
26.226637
26.222605
26.211010
26.238232
26.234198
26.220083
26.241760
26.255875
26.297714
26.268980
26.296202
26.352158
26.212019
26.185806
26.154047
26.099102
26.205969
26.131868
26.162113
26.085491
26.146486
26.268980
26.253353
26.272005
26.311325
26.244280
26.280575
26.269485
26.178749
26.206472
26.141951
26.100615
26.089020
26.153040
26.197399
26.303762
26.336025
26.284607
26.266964
26.302252
26.415169
26.387947
26.250834
26.246296
26.203449
26.167154
26.218571
26.156569
26.133381
26.218571
26.133381
26.152031
26.144974
26.124811
26.164129
26.189838
26.221092
26.257387
26.262428
26.245289
26.173203
26.179253
26.144974
26.138926
26.157072
26.205465
26.243776
26.306787
26.329472
26.223612
26.254362
26.295195
26.324936
26.237223
26.130356
26.184797
26.205465
26.310822
26.201433
26.209497
26.300739
26.263939
26.194880
26.133381
26.084988
26.032562
26.085491
26.187317
26.316366
26.349636
26.241255
26.248817
26.242767
26.226637
26.236719
26.185301
26.138926
26.126827
26.092548
26.125818
26.126827
26.068354
26.037100
26.080956
26.122290
26.129852
26.191854
26.264948
26.257387
26.202944
26.189838
26.280575
26.319895
26.340563
26.327961
26.356190
26.322920
26.349636
26.336025
26.301746
26.294689
26.296705
26.286119
26.244280
26.198408
26.242767
26.332497
26.338547
26.297211
26.204456
26.169170
26.173203
26.216051
26.157072
26.202944
26.199921
26.178244
26.205465
26.182278
26.247305
26.258394
26.317373
26.330481
26.296705
26.372320
26.278559
26.349636
26.367785
26.307293
26.281078
26.344091
26.302252
26.222099
26.198408
26.255875
26.316366
26.225124
26.082468
26.113720
26.167658
26.187822
26.173203
26.220589
26.245792
26.185806
26.076923
26.117249
26.106663
26.264444
26.203953
26.213026
26.198912
26.198408
26.130356
26.198912
26.234703
26.222099
26.318382
26.350645
26.292673
26.218067
26.192863
26.175724
26.118761
26.095070
26.297211
26.326952
26.281584
26.238232
26.192358
26.173203
26.133884
26.129852
26.187822
26.258394
26.245289
26.261923
26.173203
26.117249
26.121786
26.177740
26.187822
26.125315
26.151024
25.983164
26.100615
26.176228
26.197399
26.228149
26.179253
26.130356
26.274021
26.324430
26.211514
26.231174
26.264444
26.341570
26.337034
26.382402
26.356190
26.341570
26.352158
26.300739
26.252850
26.212019
26.275534
26.281078
26.198912
26.174715
26.158081
26.144974
26.167658
26.169170
26.227140
26.182781
26.307293
26.314350
26.299730
26.257387
26.341570
26.358709
26.225124
26.276037
26.262428
26.366272
26.296202
26.216051
26.202944
26.185301
26.240751
26.246296
26.227140
26.292170
26.203953
26.234198
26.218571
26.250330
26.322414
26.382402
26.433821
26.347620
26.299730
26.290154
26.272005
26.369801
26.297714
26.342075
26.341066
26.259403
26.312838
26.239744
26.187822
26.280575
26.286119
26.194880
26.255875
26.249825
26.267469
26.217564
26.121786
26.158081
26.186813
26.192863
26.221092
26.141951
26.189335
26.182781
26.290657
26.281584
26.378370
26.314350
26.328968
26.337034
26.334513
26.389460
26.338547
26.402063
26.331490
26.364759
26.364256
26.248817
26.301746
26.229156
26.250834
26.223612
26.205969
26.154552
26.185301
26.154552
26.241255
26.298723
26.298723
26.129852
26.171692
26.141445
26.122290
26.043653